# nothing

[/home/subado/books/english/schaum-s-outline-of-english-grammar.pdf]






















































irreg=62;0.5;0.40295685079687332;









































a=145;0.51145038167938928;0.94550697040284493;


c=84;0.48854961832061067;0.54465476030663851;

[/home/subado/books/code/a&ds/Introduction_to_algorithms-3rd Edition.pdf]










dp=391;0.44347826086956521;0.29768532672285208;

c=50;0.44347826086956521;0.038027830000513553;

[L2hvbWUvc3ViYWRvL2Jvb2tzL2NvZGUvY3BwL01vZGVybiBDTWFrZSBmb3IgQysrIERpc2NvdmVyIGEgYmV0dGVyIGFwcHJvYWNoIHRvIGJ1aWxkaW5nLCB0ZXN0aW5nIGFuZCBwYWNrYWdpbmcgeW91ciBzb2Z0d2FyZSBbMjAyMl0gUmFmYWwgU3dpZHppbnNraS5wZGY=]













c=172;0.49042145593869729;0.3730627284485763;

[/home/subado/books/math/GameTheoryBook.pdf]

c=27;0.550561797752809;0.066579794552680829;

[/home/subado/books/chess/01. Chess Fundamentals author José R. Capablanca.pdf]
l=5;0.52790346907993968;0.016507484558580799;



c=40;0.33402705515088449;0.15811835312543177;

[/home/subado/books/russian/Зализняк А.А. - Русское именное словоизменение (1967).pdf]
l=368;0.65239551478083591;0.98560455416266379;

[/home/subado/books/self-improve/your-brain-on-porn.pdf]















c=154;0.5;0.91278872501019481;

[/home/subado/books/code/sql/postgresql-16-A4.pdf]













c=113;0.5107033639143731;0.037977559595197427;

[/home/subado/Downloads/Крылов 2023.pdf]
a=237;0.72072072072072069;0.98324918099783143;

c=10;0.72072072072072069;0.038161246614677805;

[/home/subado/books/math/Algebra 10 grade.pdf]
c=393;0.5;0.82066161802104609;

[/home/subado/notes/uge/inf/Крылов_2024/FIPI_EGE_Informatika_2024.pdf]
a=244;0.52373158756137483;0.98244038903457898;
c=234;0.47626841243862517;0.94230122225109492;

[/home/subado/books/CS/Modern Operating Systems by Andrew S. Tanenbaum, Herbert Bos.pdf]
i=1104;0.45439045183290705;0.97058785772192613;





c=52;0.60037523452157604;0.045121814007011936;

[/home/subado/books/code/scrapping/Web Scraping with Python, 2nd Edition.pdf]
f=190;0.5;0.61782187109213005;
c=101;0.6355511420059583;0.32821780522977861;
